-0.0 -0.0 -0.0 49.05349211281648 8.39720509910899 113.117675781235
-0.005142846238771643 -0.030281664325985107 1.7687741075498704 49.05349117773698 8.3971902105635 113.1233062744
-0.0013499705863307641 -0.06438475821863253 3.5294506795148566 49.05349024265748 8.397175322018 113.128936767565
0.004112704906777669 -0.12205396373870617 7.046727129860658 49.05348837249849 8.397145544927 113.140197753895
0.013380875541797121 -0.15201476280010454 8.803353744483568 49.05348743741899 8.3971306563815 113.14582824706
0.01820622082193113 -0.18220635137807273 10.556987372242796 49.05348650233949 8.397115767836 113.151458740225
0.020338563035559087 -0.21490791059230055 12.314431323986506 49.05348556725999 8.3971008792905 113.15708923339
0.025668475425308895 -0.2481512398364283 14.061014070343786 49.05348463218049 8.397085990745 113.162719726555
0.031323861826312666 -0.27974037825261305 15.853343964902914 49.05348369710099 8.3970711021995 113.16835021972
0.05329421281908192 -0.30026147338428216 17.605095546607924 49.0534827620215 8.397056213654 113.173980712885
