14.151888290393652 -3.032255189052468 33.32475178018852
4.074119776541817 1.6600051716528466 19.677295364266623
4.0554210709155765 1.5267208977290565 19.763164278457378
13.838639673480694 -3.868030125691689 33.2078724718624
-3.796639153886921 -1.27397737266714 19.610857132121154
13.950523123052026 -4.220727943583479 50.857146950314586
13.501047929225921 -4.743073354723711 50.87578965939766
-4.240953957230388 -4.6149950141685325 39.49170254280437
16.350380864334372 -0.32148005202203184 24.341991026936835
-4.386958999576107 -2.6920731393476003 19.26568501875695
-5.689368618560314 -4.298098442441216 19.348673678606083
12.839280178385774 -3.5490868802550732 18.188097767722635
16.200472825742455 -0.42959079663606414 23.183302212973
-5.2604803713236485 -2.0482800765959435 18.32032824312048
-4.034381802528962 -3.2532828609325515 20.242529087591393
12.233830266383444 -2.047303487700209 17.966203485247938
-6.405229216445095 -2.8012029421004514 20.073272425815475
3.8715914696625586 1.9941985494365493 13.87578521515436
11.976072811192948 -3.262449011417525 33.3106685625436
12.93942826679947 -2.4933657947508956 34.96388689060162
13.364456394506618 -2.9916342869837984 17.463891893469345
14.252383009731066 -4.764275513420699 51.17468795111409
13.743178779305456 -2.3914020934528564 34.835944307854966
12.831761169501243 -2.478121548566453 17.716027987804228
12.449295646240182 -2.569467277601692 17.461522706764278
13.468628378357431 -2.013054690610396 33.7000934924904
-22.642680633339566 -3.0298130231746363 66.72235862569096
-29.16803093042025 1.5848342072875181 80.07783143731027
7.380187281801051 2.1184604334739494 13.27425030590063
6.229149330839245 1.4633937686319771 18.816165343611264
-4.498985808319518 1.3151771371584586 25.768448218462844
12.33679411317879 1.4182547126953793 16.210669240428597
10.540846585833892 1.4257363880091092 23.282876508866096
16.05872931904461 -4.639797311576423 31.38336818012384
5.547312543948248 2.0009295662161497 16.83686070263696
-28.195937018734206 2.095114635736097 39.936580275147286
-3.9841432337782345 0.18028736559043013 18.073765634016066
15.98308529672345 -2.639155347627331 29.569166363149773
8.840998142626518 -4.693254505140303 26.93685407311484
-2.543108509642524 1.7654024174570973 22.234547031131317
-4.159763083568288 1.9907087357159576 21.029680165405917
17.24723723657323 -1.5229195930517534 33.30063219831068
10.870497102129775 1.5592667032669607 16.781601616383305
-29.484534063586803 2.22165354210007 41.20128882326586
17.342048909889996 -0.786864173232042 37.04114731265965
19.664389299183604 -11.785048051321208 52.05916118251831
15.898255193165394 -6.525013515690318 39.27522966713711
6.139717728238489 1.031359539487842 18.564517153131767
5.673625773409775 1.0522956660348128 18.649829496915217
16.00285196958149 -6.4361957026865975 31.33937255609559
24.123971302516733 -16.312413478992575 81.11451618525304
10.487581123248983 1.415561898324366 24.20509832328127
10.526329794284738 0.903529009264944 23.62561767986203
10.452597325030718 0.9142757079969049 24.549521078157767
-13.496654649931743 -3.7356379560158297 22.002422634954453
15.87072365219144 -6.4468963911149775 35.280950086765955
-66.80273493164351 -17.759733500832105 88.12059882233358
-11.846940792168482 -1.6399249250546444 21.936574906879144
10.515038936021734 0.468276120864835 22.2635374604919
-3.8482106023690053 -3.968637651666687 19.325617819077607
15.824679390127422 -4.621202263259407 35.154541575247976
15.986633856420973 -4.725513465624726 36.6645174396503
-18.502086217802834 0.03915707410286731 39.66546540585337
3.8233005412376992 1.2146417655973192 23.089122804474645
-6.203108136381562 -3.313276401740021 18.989758325676142
16.127839564943745 -4.924106634153381 50.60888512622827
15.740841145278935 -5.319423150224999 52.79016930138235
-3.5394988869184076 -3.9174014771370844 18.56599475050063
14.381138728884643 -4.350246710333238 34.455163631430956
15.87711325224439 -5.6567684888019745 39.21375931323745
-4.844257219930157 -2.2867020638797815 19.912597511370137
14.303668922904556 -0.31449800038218617 26.822517495714983
3.9323547257723073 1.7557542382870126 23.48258584794895
-5.091462960861332 -1.9428126327013604 18.76457487663063
-5.031527142892902 -2.3773500958399945 18.25433946901909
11.25423959766864 -2.7372556136798747 35.25160573430593
-28.901698785662386 1.7163285941948132 65.7415422731272
4.014989629722368 1.2673812453488258 19.522702516129666
15.127047275463491 -6.405062781919725 51.29880955049173
3.984888446740657 2.0292846951834056 12.083180986815123
-12.294813741637448 -2.2896892709705523 21.959309744246248
18.328198639123734 -3.2566473461986414 41.968553123253415
-4.306881203345419 -3.281638550290299 18.699441714879764
-5.406926361826156 -2.4585640328552145 18.848247775300337
15.869061787680838 -6.573923840315564 44.2242531098636
16.27937264876379 -2.5993268408568975 39.114899723813636
-5.134084800830055 -3.6784880637023964 19.845913416921398
-4.050699004098761 -2.3877044632346953 19.36484793645509
-4.439132627107988 -3.307951474466328 18.37916163312725
-3.1309497271814086 -1.3037058269238497 20.301523036484106
-3.9033927381552425 -3.4127241139571867 19.771277028707278
-4.990168273299069 -1.3218366171528877 19.404541257999057
11.16383220449225 -2.3232061269129556 34.04744781248263
11.583086464148087 -3.3730684851089485 34.74887509985139
-10.861007336076021 2.260068232413941 20.763276517039795
-14.061889882896008 2.134851955539761 39.7906390810343
-11.614988367702763 1.5974531841783428 25.75403468101871
13.103426977442068 -2.7969475353140614 18.127623998926957
12.79741265328391 -1.6864554595556935 34.206317929510085
16.293196493551726 -0.6170643426830148 23.895842894554303
13.334815844013743 -3.076376340127867 17.264756548776173
13.0592656483476 -3.1640280007639126 17.064926015934603
12.182173393371434 -2.9904746441025134 35.33795115228376
-5.19823789579379 -3.2262421315023966 18.722079440103272
12.00328284374725 -4.2583339465047185 31.452565908571973
14.028907197357235 -3.596457820436602 32.41579478221817
-10.238588554778362 2.2375566965799196 23.366501358571348
-2.7426641159089966 1.804800166469673 18.477629069509497
6.677415403708925 1.8431297225927474 16.325321174393064
-1.6089843131905448 1.490909873106624 14.442496179994459
-11.288552852413552 1.9435332328109058 19.673183455313435
3.319989673292591 1.7861817389821442 32.113187405789986
10.139868229170036 1.484228781406988 16.715494899000955
-2.653196574542491 1.7883498090928684 25.63697225814281
-12.082024209797353 -3.1640408610162374 21.636500442280422
-40.40601518053177 -1.6948120886172877 57.45990115995755
-3.5168725988599934 -2.891962220723888 19.470417401849925
-13.25072045668806 1.549978763370826 21.995804187669442
-13.464035068925448 -2.0764597575162673 21.891076868195597
-13.036348616570923 -4.029581592245924 21.734880869805412
-18.978259697997803 -2.4004579965466952 38.70784461246197
-5.811225931333906 -2.8560511452270445 18.56992088739026
-3.7573869390268237 -1.6769269910820959 18.46430728660659
-3.464073813567348 -2.0034737975138732 18.772377767620117
16.056107034101714 -0.6975125475693135 24.409386758004086
-3.688168949385596 -2.7332495172368394 19.63986911086552
-4.039524103724071 -2.7532520769386806 19.99530595872748
-3.990540360430496 -3.4048379251811767 18.34646463644207
-4.342258938812074 -3.692110403929035 18.625598424587178
-3.283068104059716 -1.6744185797450115 20.363028255752333
-5.71105190166511 -2.9931379909390734 18.87961459628666
13.057279430411516 -2.7423227025339996 17.784963362747156
5.161157148025781 2.0441643490628874 14.450665691139793
-20.0694683484623 -6.901715756059273 30.5095448665043
4.136549253107861 2.0398647499398845 10.807569406638674
-67.3129637339168 -18.860317202573345 88.83155083113947
3.8015686566503355 2.0655459990217384 20.171868338197704
-5.669492560686604 -4.108108230329481 18.816690973476227
12.957341670004975 -6.264758727316717 34.350656353146285
11.465233153933472 1.140680825515757 16.084051379480172
15.685005964127052 -3.2749209323856383 35.09667911491189
12.713937774077097 -3.695110381359401 17.938246552055077
12.512090938062551 -3.322714056068246 18.850710572308426
-2.5693860249877836 1.909346662813252 15.850892909923843
11.334701892470555 1.5591476112024845 16.36816782436136
-13.193876347575 -4.378839286105621 22.37182533467773
4.326438973225566 1.4173009243851344 25.90030984457382
10.753943638379582 1.4309575211639292 18.591485441212637
17.961384281116974 -6.886440384852941 45.36027729460895
-3.7334932505148624 -1.8321500402347652 21.233433945780543
16.140321128469495 -6.530872356846203 32.61399254610237
3.4068795456567553 2.0995529235325825 11.941294673577438
-44.014372671576155 -1.8916748126967384 62.45404850756996
11.047955306749005 1.5863737131111346 15.145878459575028
12.645551154648537 -2.1620153308831185 17.266246904599477
-11.506218473067376 -3.5134711311987585 21.65467420501516
3.1792418940110445 2.050169831434027 11.130658913932852
-73.3010680104591 -20.046018375305902 95.56046972451335
3.5191886406034003 1.8160756203093753 21.92352920818272
4.850539354106911 2.5821124413649064 13.907099559465266
14.200172695935617 -1.6426214614191932 34.452663428715724
11.97377988410638 -1.9773003881497466 17.260994610581616
-2.3865186525955013 -1.7525838467039565 14.917997096791426
-55.14330202079007 -9.757774484954016 79.98939621241244
11.776025938175062 1.4352863416472095 15.805938678318691
11.755039303484637 1.5532257648239751 16.218673600470044
16.647790641030713 -1.6723839660160038 36.217486964973155
13.143238855915188 -1.9572751584781687 34.6972448455156
12.531802020878219 -5.72738880493892 34.13012305594918
11.970980976285986 -1.6892368366412256 33.80863936659396
12.018440204551114 -2.0505078274308497 17.822798843979555
13.003995348109022 -2.2029743105543065 34.19772312133015
12.097152348684071 -3.0071530586378663 33.38473929514331
12.65944745904697 -5.42501362948037 33.64038130942078
13.450895344230524 -3.0816501933523366 31.27553397324104
13.828012592463605 -3.170953536406023 32.467555168610176
13.172951467875144 -2.802511235821475 37.1857266459464
14.642222448959552 -3.23673149443574 32.48078004279987
-4.810194561248419 -3.05212322307337 19.434188329480694
10.917614885852219 0.33659921929458847 16.251742643463494
13.976855768685878 -1.7656840404101268 34.684511767792344
13.425860886870126 -1.8505762160791777 33.23481214568594
11.711651945984768 -3.8427339685998643 34.047047543781076
16.253808572449863 -5.045167873209484 32.4682211678251
-4.467218354645599 0.9936282180398648 19.531205061827922
-18.380846874745608 -1.5372376664004512 39.51158364043571
-11.088058090746001 1.531121146068311 24.099541437716592
5.3318491592623705 0.6248060059594731 18.63613384710462
-18.04457904427159 -2.872377174186551 38.92955244396131
16.003340875261333 -5.770037012891541 35.51476591150095
16.2833741400437 -4.7246992891703705 33.063848223228526
5.989835381483201 0.5430652807273274 18.744739836507314
-13.136336228589808 0.8049305998004959 22.123355586222107
17.180049411682685 -1.1895834561047274 34.376352036607734
2.9142689172932252 1.9759315768555912 21.81792678029902
-2.814036694531929 2.026977775188105 21.308133451135692
4.112185013416039 1.9124230209626583 16.344544797462994
10.914329752507781 0.40945359658747543 25.230267769943616
10.41095489869411 0.2566280988025578 24.04110068855041
-12.091708447168624 -1.7615958420263242 21.953087471173003
-4.440088031462843 -1.897145999911293 18.42338722329216
10.504539454193203 0.9067566276063216 21.7890350791008
4.34288872123972 0.12976495871694463 18.92217134137605
4.164509959831754 0.5347039445075802 18.7604731244794
-11.507939935220225 1.4921183694747453 22.548619553167345
4.015177961889022 1.7929292488797077 19.395210915736182
-11.015710782453871 -1.6225559755001708 21.98050740695338
15.338954923399788 -2.4677197080217876 34.08828568708945
12.052452706792415 -5.342738842468573 33.421792177807475
-11.745865406624162 -1.9830474477304756 21.626323262639666
-5.000414396689666 2.0504518229118283 21.265296037726475
13.744072711762477 -1.9558065414385009 23.633863777743304
-11.431672204430457 -2.0809380542607507 21.806077471764866
-13.506386102190572 -2.423108752637095 22.612781241281425
-4.748589223071169 -2.4039713255330226 17.944619158897396
14.408254714703457 -1.553193835977521 33.32921140044931
-5.407539622831771 -3.074441643242662 19.244493380281774
-3.616946359075245 -1.6627097635514676 19.34415844209195
12.86622458069413 -1.381406124984405 34.57778111908592
13.404073597623915 -0.5228605730474309 23.406327682514647
12.61601141216001 -2.801899813695769 34.01202247805844
14.198345505328852 -2.6831472972629715 33.587444899365615
13.913426400294359 -0.5418301461553954 23.223780094061265
15.472698020388508 -3.2428932994366764 34.796289600953784
-5.102825797433517 -1.5078036316278145 19.476329217671317
12.63694472778925 -3.43487482776202 18.77993455378586
-11.542864804894943 2.27916783796115 20.242938622659423
-11.649902045363113 2.2499932655432575 21.138024472508054
17.5472765646098 -2.263866220724271 33.351904695662675
-18.29247638152256 -0.8311450695622649 39.01065164486461
15.945831606428179 -3.1649258000243288 33.77368253873913
-4.4652670262151535 1.4012296550505143 19.449371461912207
-4.900720963190376 2.012620836909299 17.981292561255152
2.119108079422876 2.03352292192631 19.502419598213695
15.953827655493258 -4.88163639057285 26.51795527263966
16.053925759059403 -0.6770146001556693 22.387821477312546
-5.235488329487143 1.857611374523953 19.657398042721713
-4.53116248819272 -2.670229341386551 18.33909900332141
13.13141117099741 -5.657459576879804 32.89784283754091
15.815539465006006 -2.900546118886382 34.842285525921305
8.576766182611308 1.6041056782203418 19.786461303242202
-2.8074423385485687 1.8960405745173452 20.876463071965617
17.423113928666833 -1.7381657809101976 35.69242634858723
-13.042285788025527 1.5428171802761523 22.71884501886309
17.09678799961477 -1.9390684812608316 36.064424296073845
3.2162779202609544 2.0248191667618882 22.546185125952274
12.72189236462279 -5.100838233817296 33.78217771295488
16.410259999434626 -0.582002731185985 23.58826736150144
-2.664334332774026 2.0688420513522208 14.092277595500017
-4.09014289233849 -1.4430315668860787 21.39483013535101
3.7395003022664564 1.9037773551045145 13.512025335555954
11.751939462238353 -2.232768863208117 17.515655595932554
1.3673109450340293 2.046322450604129 19.347563277202866
-10.52337967022586 1.9078527428220513 20.935688252789983
17.049796662665866 -1.886901646546142 34.12406545064124
-11.03963222656656 -4.16730602331886 21.616827607388775
16.54308434844365 -5.122701006467897 28.153592966124833
-11.049070624079336 1.4520559352495375 22.858293872291494
12.717999195887524 -0.7770923181280954 21.923969826272124
-12.722044234943482 1.2400760827122665 22.0011567376364
-12.261186292189084 -3.4973405042019143 21.61037227253161
12.635739394851898 -4.153697741072536 33.96198601449062
14.88956061322735 -1.8752143070991694 28.10161928205706
16.053842472890004 -5.0919447608852915 28.155338921729278
4.441920454683783 1.0726326191398545 19.533854395189817
14.416486676946421 -2.7158771843072906 33.048200768470075
10.965752264425193 -5.521843844192729 30.918322801292003
6.898903460920897 1.8337011970661306 18.70004625638181
10.164785804237011 1.4040874652529216 16.9052577875413
16.24631415832506 -5.388095701769712 32.19911987071243
4.883511473375783 2.213137938416736 22.510765129686472
15.020336636661062 -3.757218416170734 52.738766295219136
13.69712939469191 -3.6433072163652143 50.32744724898931
14.708568777301739 -3.6992838451628813 51.072494107460805
12.363909879594926 -2.7576389925032387 34.1709178289703
14.658645457790636 -2.9244472197770994 33.3294251289
13.885516632986414 -5.470067167666737 51.87065032585688
13.646559496506384 -6.011176508450413 50.72978369827939
-4.050456354205114 -6.147627948327815 40.40796530753342
16.234307760173294 -4.651887825307398 29.074147105198755
16.025901949467794 -2.8906205478321936 34.65402757765174
-28.033775974717418 0.5636772994711096 68.53407087556357
14.634800200455588 -1.8503261928037764 51.9260976190094
14.042851165264013 -3.480013667804491 53.59002174962724
12.370881955468986 -5.506315401026804 32.66029252982894
-5.115677583498735 -1.762347523184146 18.90734705480903
-4.2188057812222635 -3.1432398002178417 20.010201022484424
13.799318710148759 -3.603737795041619 32.90743556739034
12.048348908189755 -3.5790266041188037 34.3217078368987
18.745050187879137 -11.01635210929442 51.93028580303586
10.181302949190162 0.3496443297749715 26.463521985259085
15.068739913091953 -4.332760747518244 51.19747023581461
11.921046401570651 -2.74636166690544 18.00311955011538
-44.94548187047784 -15.906029688538021 94.78369389167544
-3.6909585152523965 -3.3032647669532773 20.209421290134866
14.751004170090193 -5.214555759726971 52.747015819124115
-5.677768581288419 -2.5993596852391576 19.140720776744857
-28.320510283894354 1.320063013047885 67.24361836326705
-27.990069267621333 1.1761844919802769 71.05710501097562
-3.5093379217742284 -1.9957722456700626 20.104080774974076
-3.3439882410321564 -1.7403929566289797 20.32836358083948
16.2944497280395 -1.4889163252034845 23.708424703257606
10.34339816100031 1.446726979688999 16.613670834240608
16.063087787761063 -3.1600364177270768 34.23278720448147
-30.205073820951043 1.1759962142216336 68.40564512478774
-28.074247521979522 1.378624308525754 71.74063013560676
6.771293301611286 1.4386790312549196 45.35528517305364
3.76886366763487 2.1273389619979914 19.852694416144644
-3.9323803621058158 -4.944379900647513 40.07685237940994
16.180801508461872 -2.8455777098528907 35.46648291561765
-46.02535535383521 -12.633253322967393 99.554380220995
-32.726113844171344 2.5351680412077173 72.55888155851811
11.70030215584251 -3.002165440818443 35.00137422996776
13.882552317546747 -1.8947825065483777 51.794677363059165
13.093856563090306 -2.7683671253771966 50.46299379394808
27.821297094740792 -17.87775901637264 89.31284361408058
13.996878119281837 -5.239333151148286 50.48177478591812
-4.38808878780582 -4.3763256673083255 39.993875992635644
12.395355314478179 -5.886531613095519 34.22935029113047
-3.4591627236633786 -3.276083400081315 20.016417775563692
12.569517638468131 -1.7657073109574504 34.066384625422714
12.957224390724058 -4.810411274008486 33.81059499321643
4.384778365171572 1.065604231374038 19.762438854586563
-3.8996807528173356 -5.331707851352284 39.60783915026913
6.79138900487572 1.822770732272794 18.78810273248651
3.191062147064827 1.878763686509868 29.510154280884706
16.03614430525953 -3.653637015534302 33.81203146031379
-30.742393265132822 1.4291502296114156 74.02085258862864
-4.897319050117805 -3.7294040873358743 40.41326829889286
12.626814424770703 -4.463794776479661 33.98902669520753
13.050700842140316 -1.485632090899003 34.33990310131009
-4.717131812717671 1.14699794517285 19.687034213807625
14.19838906039748 -3.223237665069084 48.68832679034206
14.748886189056956 -3.7249051204183643 33.24437887404292
-2.598373996037516 1.6920523632735371 27.92298889718052
-29.811920385765987 2.0972042086233706 66.25239878553465
3.9187552312300884 2.0096119015533245 16.256592226212206
14.32143010612531 -3.892595035527628 50.66326347436188
11.817871403960988 -5.451338970479068 33.41574460814622
3.654176012180427 1.9622091405009083 20.792089102606408
14.277237224284475 -4.5623611312958365 51.86754686002715
16.02368152107944 -1.4925107909667061 40.34441941815107
15.97991513798614 -2.6175206548359715 29.6940298934479
16.362613313797535 -5.162940027361214 32.635982870118326
15.284923065033418 -1.5690881433214943 55.02193502147661
16.708093049880848 -5.295068531979526 28.34482675919461
15.342206300579035 -7.8938838379154985 58.951437970862
-4.541726918574991 -5.700453241051392 39.333607979025516
15.598761908324674 -3.0210190437278626 52.03970550805861
10.790268587155085 1.3992953111027662 20.59427411506122
23.757982560795003 -16.28632043641153 90.17327831340762
11.52427464562462 -4.932240228071219 68.41073914562156
11.848008330928229 -5.618476824932071 70.39237611809891
20.90380453559924 -16.97480557755455 89.59544149760707
21.612069911442045 -17.865211547649963 90.43395196452454
13.724700349593125 -2.2034341802436916 50.672945802239695
-4.139282350618012 -2.204987265526214 39.871686920747685
-3.739843645094139 -3.298162236736988 38.876056852255
-3.413916979923678 -1.721674823564095 20.04415791753462
-3.3739646087359003 -3.649237438052369 39.913383711044055
20.20593532510848 -14.076951494950924 90.35928160257355
-19.015243575311974 -1.35251864466807 39.68347558641286
19.976814460981345 -18.84534646647456 95.67875469534599
-11.45929615309686 -2.3664602157039196 21.837081965813866
11.328623133223278 -3.0119715410024757 67.16730200615763
6.34487408567254 0.7675214665130459 52.46556734889772
-3.7137578182028803 -3.9195865506555267 40.60700643924852
14.526396249977305 -3.483682384799223 52.326888744586014
12.992822336108665 -2.1970614212433084 35.41403653566561
16.13542166074333 -6.578903852202058 36.85651048249757
16.992618409393188 -1.2126781247871214 37.05931394443549
-33.09069915819532 0.7158620246110509 77.20364929749212
15.38142412412805 -4.406514647788444 27.556463207307715
6.7373972109200215 1.9165702587769973 18.81918796285588
9.853364042082285 -0.6254643455129566 66.50666176101274
12.32698502409748 -4.8106230729950905 36.39012091771118
8.311000562837025 1.5828244092300456 19.587376927699633
7.779908885596313 -13.794520526174932 83.08925987937742
-22.736259781365334 17.45605307261225 94.68167753207092
13.673243632344523 -13.886109261251992 90.13826092156927
13.906301125293908 -11.879378967961628 88.01393317281159
22.039241527963778 -20.284066060188074 90.9203027947683
11.92605026600478 -7.249423039487327 85.87489779422353
15.636938671089316 -16.70111302102456 97.26940873962333
12.85159220355398 -17.181028185326827 90.57835351557476
5.438398497383778 -0.3337510257743558 56.87718940122286
16.139973907562972 -8.734955420187603 52.310610880354595
8.486336533517234 -21.236681010819566 93.51300091529713
13.700842550583104 -6.0700575038518005 86.38052641326584
9.610349149026948 -17.090785241196652 88.71469470040057
-3.385774403299201 -3.553310938134669 48.37428111452417
11.930494386467675 -1.031466844925575 83.28570227408682
11.777141258782438 -3.7854161406778895 35.172287680092886
9.539986969507048 -19.36050915670132 100.14147124167869
22.254510641972043 -12.610179509908997 95.06401513918665
5.049090702665021 1.0580357584170141 18.67381706217059
13.172554251225437 -5.981977417998318 33.83815655463921
13.109014736299654 -3.128261963863804 34.642467281546054
13.74336639914766 -2.822510588360434 33.043808200769
13.6616553112784 -1.3744383308228736 34.5736835641429
12.879025468664421 -4.485662278512321 33.73482414921947
13.912702323517419 -2.489250456737491 41.39049344399169
15.926977199032159 -3.652491128771112 34.66042977081533
14.134145730171632 -3.4599441872934364 32.68078686681931
13.044983602550815 -2.4832705083754063 34.47556211197502
16.76605868113489 -3.5940412538992605 35.94009812116754
12.530966650889544 -3.904852336062513 34.566905040119934
12.73460720110086 -2.4897049257375063 35.58816111400263
3.670325131704133 1.879371513141456 30.415410245321212
-5.088187822145261 -0.46376386501244254 19.667187404503437
-2.257152526396631 2.004131246635023 25.22226389165496
20.785339458635374 -11.008415524634328 53.79608274630902
10.734665018296017 1.3042838141545963 21.510148745264463
15.74035728885792 -4.798895729994323 48.57183816208052
10.507498014820849 1.2464903952234445 23.13947023014451
10.613589027849356 0.6358167825220548 24.33229557238917
-18.486543082103925 -2.3372735964483593 39.10296239211274
-19.738394971668445 -1.5261528794305133 39.97756584741333
10.605826436290483 0.9034618114593813 21.383248678933388
-4.855106215949855 0.3192704969848723 19.843570688689415
10.602653100205089 1.3565403742987212 24.390857820840115
-3.7075361309112678 -1.6655638228853706 18.288521648942357
13.12506635320685 -3.309311736170917 34.15337395148639
-3.231386028222974 -2.066414144448593 20.2678571704384
13.119499379779176 -1.8799992799712186 34.09673831488209
4.3201644914996296 1.8211921225355676 28.50479744340174
4.15288052147588 1.5670126737317858 19.963028497226656
16.301867785421628 -2.463597889276873 28.188779450967697
-3.5868978761698553 -1.8280766818837362 19.947512261689948
-9.81952282081496 2.282642440396313 23.950389873565783
-10.314267665002882 1.4337510979616346 23.19665803458601
14.033736868891374 -2.308380919162835 32.682712436311654
10.447647177503978 0.8554843358185265 24.071709959911914
-18.70549685443967 -2.915774199982872 39.03773861990399
10.693188345465817 0.2501527588110604 23.033906824891904
6.304503449799648 -0.026478252505728803 19.31487785853632
10.52171242211912 0.759928207695446 22.687643266955952
-5.321421271088449 1.8953737550953005 20.171728242933213
4.05782411799352 1.6138604080216479 19.90557924957352
12.58858592380841 -5.088946713869961 33.82480008304594
0.4115796960414018 2.0625376631937353 21.26185243830374
-18.627783400720475 2.0876299811985533 39.01156565935814
-4.749340454628562 -0.8005130212252543 19.31969597687426
17.948311194053662 -10.531604920767489 52.072883182663794
3.5941768395388807 1.959292164231113 22.194952630374587
14.351962377038374 -3.5971156071462627 34.996368639136186
-27.194835090622867 1.9503215785534687 46.40516997411378
10.9615589969811 -2.788483173597754 32.994190686969766
12.738457222298157 -1.8525908732133853 35.22216025452593
-4.679041721900476 -2.1873707980080237 19.469612216722584
14.943499545104732 -0.6982604369560944 26.92751780125243
16.52107057305775 -2.8980020436211578 33.71772065704375
-3.0866607554663363 -1.2554144463131016 19.722512622077524
6.631200439738203 0.906417399029175 19.15937383551161
-3.975728837870226 -4.288087907393537 40.91083783004135
-4.784696237209275 -3.9187792370064294 41.63467991674475
21.548018610705313 -18.532918487413497 89.52622788929297
24.40940747871604 -17.926967494671324 90.22223787159257
-4.950510914201061 -3.2673023130768026 39.35905092607618
17.11968766877387 -1.3176406896537332 36.58828304120963
10.97168493559722 0.14450777926372896 67.8869299895332
21.8476709460993 -15.064034018506929 88.51320508781828
18.155616479526934 -14.929757734871236 89.09434064836555
15.541001554992274 -17.339665074389796 88.64396990052357
7.828388266855467 0.9943561030278235 53.25790289199915
-3.882948179768508 -2.530618610845339 39.60367219974356
-3.6900539923122335 -3.006998094439681 40.4173420106449
15.26991973317709 -3.102696559779298 33.56565850312352
15.298520381016356 -13.531586854449582 87.39757910751702
-4.252967819614303 -4.4661534064303945 40.22849582224401
-9.688322564069864 2.209469517753421 21.199146845309592
27.46356706613464 -16.663143680258695 79.66691514844864
6.555977161980074 0.7190066716113365 53.62479305064131
-3.592445909267372 2.039921529554143 42.444236424075925
19.512286547027 -15.930044436252892 86.16630063348138
13.96630526584693 -1.3343317504572028 33.08693472475708
9.409006106426354 -16.298275919589916 91.62650983974223
8.537606636214608 -19.935181385740098 92.68652690339201
12.95913949129218 -17.733777167872788 90.7983589174258
8.281265137490925 -17.37486115506909 92.66172600875782
9.699016264591625 -14.836482047318206 92.27315456953649
9.402743597333567 -12.12034082906341 88.43162515994436
13.943113593434795 -3.4749349180998568 32.69076076074446
10.943809252772567 -10.662209755089403 88.30138651504866
-2.184513953462889 2.011412574761176 20.664521329806185
16.477091183108 -17.665443383912116 90.02359833976931
3.669680202294668 1.7658450218865107 41.4414089621825
7.747579619056661 -10.76658692956965 81.14452909270724
13.015334178131248 -14.465004768700997 93.1347094902245
10.695449356476889 1.1595863737207617 21.917014878701284
4.3483017331555 1.055498659700745 19.028240214459917
9.945893159003097 -17.168448762637258 109.8295572646631
8.193104217995634 -11.063140499414573 90.64760403318236
-4.59308685244484 -8.28164834999711 71.80001149705748
-46.518461297963476 -8.000293012702308 68.09660252151203
13.151805627917831 -4.761364071263513 90.22260951300098
10.689359267936874 -4.858078160302078 86.83642344369555
5.9305810973425706 -7.993547602898152 78.7168558066976
9.033962805875316 -8.157041694497112 84.65141919685506
9.46053937679705 -14.696610634903383 86.58278216267404
11.662538524222034 -5.560963799723204 87.45783126097773
23.885818475013053 -18.088956423791824 90.82264689455435
7.655720106721331 -14.19766004709992 90.92015541019377
4.254440216464418 0.5540974241232494 19.057473203051053
2.065233763678862 2.0118649430211795 19.436169490823552
-45.6232763690014 -1.7604538913619714 66.85374363182083
16.299013722832264 -3.005243566030525 34.35525302261602
11.56621106643837 -2.0979803284449803 34.36127610407664
14.467937878946895 -4.264295058939862 50.69010135010136
3.9527409320967264 1.7016478413480483 23.85068465188666
3.9902561007526556 1.5647725454648305 23.79888300680759
12.620424045758348 -2.7012888089495535 35.2933385219659
12.314676440698587 -2.3513754010143364 34.18130668972874
16.06099739794792 -3.103109420305191 52.41020326767739
6.3821115736783 1.52268719314832 35.62918991676958
4.618392692219222 0.5638836076383203 18.552075345915995
20.407327078884837 -10.87322942069183 56.69875648080251
15.072085557078347 -6.3083910726562635 47.14529104344133
4.448360108801598 -0.10393077446848531 19.192562585005998
3.6121134823683754 1.9639179872720067 23.62279337783931
16.22653153821644 -4.906096398306612 46.84671005854366
-19.6649911210535 -3.06011366397043 39.091241327855904
4.076470304372957 1.4666865337034851 19.560660891632804
12.038845054869128 -2.6690319724997913 34.9029828743398
13.998887819999092 -3.200709184154779 32.98498628988856
14.461468067056726 -3.6000390356010903 32.583711810985285
12.017235389186682 -4.118069336777974 34.08183150256694
11.522523399619239 -3.70975741755498 34.079096801193806
1.1391374031033674 2.0200444098255086 19.944813525085365
4.0970249930921785 1.9916120858219148 26.32992700412279
-19.421225089070322 1.4586937718205517 39.87069033141732
4.410319730531009 1.9246505818337236 21.934004294516896
-2.662990552495762 1.8223541116479154 25.949319048053212
16.12440831063046 -3.311491655224992 51.60882111648657
-4.631361905047129 1.893418265956573 19.466445623684667
3.93885829845839 1.22297306193627 23.65822475997315
3.713041035841744 1.9749682487238878 21.44768056398047
-5.223411471132914 -2.021014180040789 18.266562556615614
15.216933664886643 -3.6338228471473664 33.18845584295337
-3.1754846705190927 1.9475509991639472 19.9973595846227
6.380024487775277 0.40063341548982434 19.11483379747642
4.36822694017457 0.5846502720326316 18.74865466977528
11.768371319671354 -3.850652965737699 34.049906116403314
-3.7503284375599 1.4201789891133634 30.23744897828542
16.116168442873946 -5.440713505227494 49.77075590900045
17.00224318471517 -1.6112393123537365 32.40475924313435
-3.750162919828529 -1.7455557158550954 19.897896009851703
11.753609465527736 -2.390118372520904 34.2826902259816
11.060008180981782 -4.001088286423732 32.54037458009124
11.47576933515403 -3.224736809242472 34.01034442368828
-19.582527450497015 2.0684874508438416 39.86380215074279
16.154567477398448 -5.805413913833785 36.51520347538242
12.859158366283781 -4.045356212910115 34.169665471951134
3.9804741969239434 1.8165581233143073 23.73751416491625
14.736237419489743 -2.841632301826448 34.10851716923775
11.58718686144524 -3.3905413322300593 31.958466266148914
-3.7353244701669004 1.3036398420846702 30.036241365961157
-3.228635672467126 -1.5214300515261518 20.22733608483838
-2.986505489534093 -2.216937125445502 20.60891240537931
15.589633186539876 -5.062812157553033 35.07462126667663
-4.534706443424941 -5.065840711214726 40.25596591886273
-4.214505531198036 -5.331492748978827 38.92450111411739
-4.129241148750148 -5.708515903753521 39.87906753251707
13.250223178244243 -5.7811705361214525 51.237319950871246
-2.143462412508638 1.7594525370112952 29.86191124464657
4.09321044427779 1.9274310172340443 35.40315928224409
-2.133353747355683 1.9641404524011916 20.289492522015735
11.288701781892598 -0.4838311260161108 50.15875985664641
12.572676527303237 -2.46577563126965 52.84949140054476
10.103841449715505 0.6689723815191625 56.84546696014495
13.277206072244145 -1.8539752683515025 33.9936995093301
-4.32666569588897 1.3258048641391784 39.57412148453777
16.209061685185006 -2.85847940724936 33.617002363861744
-2.816775186266847 1.7185479704973132 24.810028489939242
3.760735867021187 1.9154466922492657 21.966670951715635
-4.6977708034028325 -2.100465826246289 41.59109023007422
13.568460069464054 -5.16759721741815 34.15895580012994
4.123985306576177 1.9938701725780648 21.257012408287345
13.633450823097078 -3.456854850772526 37.94818277439939
14.541998810219521 -2.5196852345970506 44.47759837206792
-4.285736344972613 -5.254393213378386 40.689766889806144
-4.3407865108903065 -5.265929760126216 37.982308704675326
3.6696147938145494 1.9181823653247598 22.46459077843596
-2.0981830389102187 1.927241335455481 20.359190495562732
12.805841017144788 -15.812827020957041 89.46862183491054
15.78212845599649 -15.924277493086887 89.68314689724477
8.520221619568826 -13.311382408495561 89.89268832907364
13.760791281872415 -6.618057618280983 88.56319943047797
19.479526562796735 -17.194816878622706 87.32555806147728
5.555283404003162 -7.631009029269401 64.41126491018436
15.913620634158937 -3.6312184076234693 51.452535197967826
10.262599632600189 0.12600776731258528 72.49768292499837
1.4053711416954808 2.010255397444187 21.533671290449522
8.696940271694423 -11.07035267767271 90.51963154566334
16.342596667036972 -5.695156937272889 36.833607529546086
4.77508368671482 0.5638583100075334 51.782754117121925
-4.261344769040438 -3.905342081020142 39.912557512196905
3.755524022934034 1.2764637360585482 51.52379826438753
9.246011145640505 -12.358549187796813 86.23343478463434
8.455161025223386 -11.936855519499622 87.80725932981245
-18.5651227616685 1.660999383341753 58.13452763001544
8.212306233204382 -2.568010518449002 83.26453117325828
4.4407281570316 0.5954189738500015 19.10878034500036
-3.906941340729028 -3.4485389275454907 39.52299566257309
-4.038050563591657 -5.1792099628995345 39.955016256374215
-4.769345401071818 -4.162657233707361 40.29499025100168
-3.841161728129637 -2.678061312601462 41.34831441471576
-4.769578893794877 -5.059731339670216 40.03048175629876
11.453533416385115 -3.8915064380747335 34.06224335448311
-17.727421319274637 -3.1818179445698007 61.609682572857615
6.914987003473968 1.2012057592477245 53.0372497885156
-29.82560161390572 1.5554238238530624 66.53165574659113
11.113757445271384 -1.4894664360360046 49.620645321722876
-18.27655933687153 -4.390800459915492 62.516661195149496
22.34511967405944 -15.064483426356318 88.21814902186065
13.034866965413876 -2.581625344759241 50.871184536043145
-4.349897398395399 -2.902585915306483 39.90991503977641
13.703189787969702 -2.7964287348367334 50.467197213293936
-33.87608175436402 -1.4084446063208453 66.81559019759189
4.002704878235908 2.1506310108390947 25.88721722913028
3.797986312415942 1.684481420463602 42.35582965354412
5.471331163181651 1.0423205233506991 18.68893468898169
-2.6883246901039284 1.7140929039037784 27.76460002361629
11.699438299633217 0.059672875609821256 51.66934508282553
-18.450567527410925 1.5072489642210447 60.731154155976604
3.506909428837474 1.9023227641560594 31.990451517593012
-3.3956950481433363 -2.0506966999405494 20.208110555047952
-5.282254034294402 -5.1167401260852445 40.36371894920187
14.368655307628378 -3.388662817612185 32.798429390970135
-3.224561461982738 1.627936270623101 24.918107805364272
-4.620694890404996 -5.827441516660958 42.49409529372073
11.372450679296206 -1.71461751819287 33.441686535015165
2.8242026385997745 1.1862880297399785 38.689204360821236
-12.633211465518288 -3.8476673516755513 66.05634417411193
13.183829038554702 -2.4331395175894923 34.96701802474539
13.853949298165537 -3.470481620776166 32.895606053488955
13.466749597635541 -4.701425523406363 34.270542771272964
12.133107786389784 -2.976387235355318 35.114589851906146
11.201167302238462 -2.300633615820111 34.11284416308672
11.726702773498106 -4.137320574000532 34.40161699721835
13.94216254170605 -5.0511805778256935 51.46761901191175
-8.038851181597298 1.2739698677729632 33.40329853427047
-42.41785506037399 1.0565456240134021 66.23650176225762
16.02543150378374 -1.6794263901172133 44.35322938134509
3.7499326951399454 1.7605848800666202 32.63383759750075
-2.740875085736254 1.7985042339716864 30.803650615226385
10.93188867554056 0.39678416200575184 43.14463456490643
-4.661698839685946 1.6727614299182463 23.31219678976413
15.4955996644417 -3.8771264666996474 33.39655111130411
-3.649010348198454 1.759522758545618 32.05754703231622
17.24741044133024 -1.9013356708775102 53.192709725785484
16.822519537286272 -1.8977820424461866 49.70529127894044
10.633389582423375 0.14785615755710893 44.39423001989664
9.764672350466315 -0.007001604779607623 42.497290790929135
-19.66663208379615 -1.8939009578912382 39.55673296232489
13.889058901756037 -2.7226994392346398 34.711952032305035
13.179260945290782 -1.410870821150036 34.17051280548442
12.442426957409449 -2.891840643495301 34.917523045073494
14.58249431952732 -2.9150977282491475 35.15702470241391
10.863020095743877 -2.176994445826473 33.861466853203915
4.437324278689636 1.9338190721789705 23.18228990114764
16.03350088805201 -6.364193741979074 45.73008702810133
2.559651274193447 2.0520908404258504 22.596176453483917
12.950010062504884 -1.5300527021653059 34.24863392791139
4.509439047549317 0.3867695026130359 19.10916669501593
12.441457634848595 -3.5739997459274697 33.64510035681419
-5.106975388397935 -5.428572795364797 39.32455802624881
16.075980673050477 -6.689014309541615 46.41895094819765
1.2031243362281503 2.078929131554945 22.59662102489374
11.600515933909588 -2.110483978457972 34.64213161318861
2.1362054697106836 1.9728894490820488 22.397114795114664
5.016247388230579 1.0434984130433118 18.66674833390796
17.144070157988125 -1.1753057014340618 38.795189897576954
12.07504539398999 -0.7124202206108778 47.09846908266864
13.220683000884243 0.3214407979208058 77.95215627221702
16.253408608020926 -10.337077519309416 88.48990909704695
-19.675822056930052 -2.6533683556443073 83.9087956724519
11.8401368561357 -6.382207186416448 72.15866314565379
7.742347473453201 -16.425244110183293 83.25141497518152
5.042275399628967 0.5280279717198069 49.982986770666145
21.733877574346973 -16.448585311705553 91.56227466196606
17.281162668273968 -15.028786592592168 86.50401858313013
7.795637429039954 1.113424017728254 54.728222684353945
13.76170676355107 -13.533970299445292 85.91905294225317
12.057402074138356 -1.859435836261883 84.98482226909363
7.527653992596659 -1.2632152415216078 78.18923265415278
9.73201710332369 -10.3407523762436 90.61032657893442
9.719430986821877 -4.30938956338429 86.93599625560493
9.665194080063154 -14.6938284436847 96.01997388424743
8.955736317800978 -3.173231148813101 80.49730539444198
-4.635860366667924 -7.926677993835574 74.29507321089726
4.644006407998956 0.5120193272728905 50.33045014764395
8.1182405710691 -11.100836944401111 78.95637986199091
9.096317412310434 -16.229527375440853 86.41578593698722
9.514847445194958 -11.816971579567985 93.46917525581355
9.255073353283176 -11.861014608924213 103.2942149707102
9.80500419654102 -15.901369449559104 89.46408835949748
9.09640107867215 -3.9077032398275575 87.86346924994426
17.633974983008628 -11.62833011756622 85.7813367979693
-5.344171694177115 0.9152322397738484 65.15887701751184
14.199420658557726 -9.214911920336144 87.24875467994254
8.981824319807064 -8.36858816654212 92.34948348000472
7.8977976021214475 -7.3578542868286 88.45330292521152
15.775184745851586 -13.710385849815133 88.68879411840526
-29.592514257449018 1.5160404720225775 66.02155385273203
8.764167311652102 -7.597881158494693 83.64654450107797
3.494875520274415 1.0782384921711428 53.85826795956617
8.753480409261334 -15.092874678344554 116.0440662487119
8.828483166443133 -7.567107709074089 97.48051757154428
-3.4146448026477767 -7.541475512016182 68.46121146698562
-5.271156152101147 -5.895737503471305 65.86725854814523
14.1596147249266 -5.675851125986573 54.81031919183868
9.980053627648532 -1.4231245934041248 47.28196957437079
14.395919876206566 -3.953432454873317 54.669982906997284
12.164585243666306 -2.081743834462443 33.99687717534153
12.379468741362167 -2.4679822934188542 34.62627818563045
10.540756482484827 -0.011111674168796302 49.72021709832863
12.591837496073953 -5.722741323697568 50.44487726655905
13.833616807230303 -1.7452155040623296 50.67657611820245
13.144494283952868 -1.5113339861751813 51.53800818443161
-4.219304762673762 -5.000740701812716 38.851739792062965
13.437575462853834 -4.653651469123216 51.81225633225385
13.20032891290044 -4.965921491074717 51.53829409403928
13.132086264417207 -4.244973539142749 50.77055860472484
11.354621458732568 -3.4330253325096405 33.68473258292826
6.678691556330623 1.4061737711254794 42.44952102140447
6.0933531150415785 1.86293798626746 32.68999801521047
-3.0270725860814847 1.2043783129430532 32.82311948470913
16.138013307826107 -2.90103197622754 47.72297505060434
-5.452546428307963 1.7518107546726693 30.95498483367562
-2.1893747924631684 1.9387341536585265 24.732216920404728
4.270827921359506 1.8486485514997555 32.72832547458692
6.502974787313765 1.614178493007396 34.3168155588378
12.568715419955815 -0.6025364276382917 41.890229500972104
12.841427344332068 -2.8056120791719 50.819546192987005
15.039659859301768 -2.905312950101456 51.841265194008905
12.27088691801655 -3.9807998844575763 32.310709570519066
14.562404691604062 -2.4744169849162847 49.046370862256865
14.182162240804544 -3.3997697022426756 32.851369590433855
11.699658385749103 -4.036221637242885 34.781203966313925
11.118149809312843 -4.101505175734804 33.81356383709886
13.282565566212503 -1.8086588015255876 51.44985970583993
12.994779927968757 -5.43441321004651 50.00467628358869
16.022676595736574 -3.8766913800783094 52.75414619638871
16.16833791980971 -2.8403929254098914 34.37223923503663
-9.481782280834976 2.019470707670477 35.275165553670014
-3.8608919549739023 1.713715303736236 24.466835984490267
16.156065574448263 -5.0389656788685135 35.66521517906077
14.896142283826782 -2.384625268971617 52.35546647690867
-5.473431799553059 -3.9385926185043516 39.513825018894735
13.442337099106673 -2.218458602272533 33.32743914678201
13.160346245708416 -3.483811535557111 32.60633069371388
12.557961572162581 -2.9129803041140563 34.84949300644086
15.126348400919431 -1.1410907589723065 52.93471089523424
17.049020831205265 -7.130811887299431 52.54604165121681
10.405806358223996 -3.9646864131413526 32.32942355791993
11.168521216146033 -1.8243529334668482 33.929255757250466
16.24395535817853 -2.920243315593824 34.99671055261427
16.934220073015283 -2.0280619324889657 54.37804017897097
12.246218227899048 -2.8443901000158367 34.14138301689778
16.284730745090652 -3.734323731014186 52.59803590947822
3.843242769112381 0.7423549843592347 23.922806410015983
-5.709151486632441 -4.015741086554591 38.97519238414111
16.52393157858399 -1.4611300449417404 36.694764857926
14.79005989579118 -3.514193303262875 32.91077186201934
-3.963724227242149 -3.6003040958489327 31.079697182177842
-18.546198804309668 -4.724181421895108 61.963281756902745
-18.67827319290659 -5.116746431603255 60.57497214764536
-4.642470127263259 -5.404247087991388 38.551782192328595
-4.338255656884966 -3.7211875007518125 41.11795064914713
10.800921587826826 -2.433509145369764 34.2987955658294
12.646422237056566 -2.3793853550517388 35.571996346446944
11.23069551588206 0.7464012082967153 51.562193897774236
-19.051042457942305 -5.338211801030655 59.62370284747008
-18.295121507113194 1.7283663862751013 60.93981767751223
3.523088085047129 1.4985851671744654 42.58018552109004
-17.294020833430185 1.2454977587029359 38.93202921362728
21.5300796276394 -17.65376080481394 86.6907352112102
22.691622214539763 -15.963640431738805 90.53781169219
21.324374158374013 -13.39854818998768 81.11706438258759
-17.45825651422968 -5.0534064345498 59.16340820948066
10.756601308244262 0.31850164994766555 53.099577597757715
11.520649386515199 -2.8380061668113776 63.31813264770414
12.284519320333638 -4.469203872296007 33.992641635147436
-3.9330236076352865 -3.9450987661477566 41.67143304029888
12.731331176189148 -3.4165183235354686 33.83709127339827
11.210516084995238 0.385539596904062 52.10600928551028
13.693423829705944 -4.427842721186445 51.718908964819974
-20.377184436629324 -3.8623425422114233 60.91175943325509
-4.071412432317094 -2.2644345461470246 39.27922244470741
-4.383617841201644 -4.139404935608679 37.67980035304998
-3.084171942291991 -2.808168861158869 37.114253133458284
5.302456213479968 1.7145373670127324 34.58759770921997
-3.49041612237636 1.3652936298805054 29.04941424080896
-2.5828613529868445 1.5683529336961095 33.01140765864148
9.907445014243049 0.823571682455646 51.20578652931034
17.46020303126489 -0.9464793627254287 38.00187573878927
-4.488549757758588 -4.25438903332537 41.67262103121729
14.824969748446865 -0.2380014260093242 68.2215748787881
22.447366016277666 -12.541781374501758 90.40070615003748
-20.416777109766365 -5.246220234919989 83.08100383607054
-4.6085862655222165 -3.4808548767650946 41.226219917154324
10.597848162895119 -14.610541788224802 88.18649716073026
11.366329946688786 -18.042505473193376 92.93594320996927
16.56357943541486 -3.1616993342360176 52.469220015801184
13.102997962338803 -4.33409920990493 34.01522855404861
10.289998225020867 0.6953508454054496 63.88248801229614
3.9353164197847845 0.8017027148011103 24.180332018292994
-3.1737316319897544 -2.903685669637466 35.95800892957147
6.405441583591534 -10.120657654295846 73.25787315550868
8.644645898803535 -16.016896210179468 88.30366453870288
12.679013306466727 -1.2569473687828183 83.08938546149874
25.853977398101378 -17.060443855479306 89.61221033770674
4.140491749493687 0.9648473890981503 57.27447121961495
-4.066471659551051 -7.556994324139695 68.60603846712564
-3.9654352353159523 -3.96670228997407 58.246922839892
13.81792355766862 -17.23969131373229 86.62143974811121
4.599056316554159 -0.6357886339151978 56.62167015305048
5.048835525163955 -2.8660676418772817 60.69873434380034
3.6631696111318672 1.7542291314491478 40.88808455733518
8.439981744180967 -6.183703223399912 90.99293887643897
18.367829940114785 -12.146090916755712 87.24411034856294
11.91719956541833 -3.162184448888657 86.8136645558523
-41.65449360469205 -13.756021697676093 101.86567085147114
-41.15673484304203 -11.719172168845855 102.61554352548495
7.398089113205138 -7.057312571841579 85.02609930010543
4.189527657793628 1.1589458898420901 62.91262341012774
9.468217343453972 -5.114674480896757 90.35083992231684
4.2745721579798674 0.44197046066253 68.66038016921361
16.243189041958917 -16.82947478727811 89.1057683816654
6.414277708519963 -1.154167453516504 78.7590606182671
-43.072563741200305 -15.965000092055158 101.94053702082243
9.600611629950649 -15.656567547333134 126.05437242439996
9.557754196999436 -17.040547014626693 137.40166802189606
9.501553581736097 -12.595251165744168 90.65964888154708
7.704350514171185 -9.002624904543854 78.69173965860475
16.076288245426756 -3.2804787403135447 51.62395417063411
12.303519572880017 -2.885801309742806 35.2888826453651
-20.973755973357967 -7.783650086884379 74.67954590054869
-4.509669493278503 -3.885185358299628 39.57830189830458
11.713732615502055 -4.777886459686801 64.59016787803122
-4.6595573646532795 -2.721318881859899 40.3420723773286
-27.60914740967893 1.0165747570215433 68.32032775704745
-13.154257021994894 2.0987293681632506 37.981315779358376
-27.754100934941608 0.619436616671887 65.61846009502224
-32.256818024023666 1.9857586277009038 66.51844179783586
-19.30181514671727 -6.128823035637371 59.98220504720645
-43.4384042979081 -12.85762893924354 104.59304728602848
-20.292835814296648 -1.462205066625664 60.650231499410914
-18.229719522023206 -0.8420463335339813 58.565877648216905
-19.989460426802214 -3.282249183917417 60.558585303270306
-18.52199887146965 -3.295526055549411 58.87570539362102
11.388168492029315 0.3686126628181663 51.61522425968026
-4.204899143857641 -4.929517637210077 40.06025735081507
-3.4288481957301418 -2.751462029212442 40.5848552147471
14.196311887382258 -3.6873098631649524 32.97088004487918
6.7245764571295945 1.5327060292885117 39.91174571138054
9.753493541475944 0.44101998821190236 51.856976162376405
-4.780776909993247 1.4331058006727917 40.02139711237426
-27.600881894111037 1.7189703865758794 67.20018174778204
-21.150859794868907 -6.8086965457781865 73.66999179008279
-18.952263648747614 -6.616092722151673 68.01318432068446
-4.878163035866323 1.011055745391612 40.39247278006824
-22.041081366589346 -7.071896756284494 74.0787231332385
-2.996573176392413 -2.275002887152683 38.66175865955938
11.479019219268274 -0.2094972891391764 53.15781704054419
16.237512983210024 -5.661940033198848 46.36023628335404
15.944879437366549 -5.711369089444011 49.34781180849553
-21.54787804342656 -0.08666919936617594 67.62080343135356
-4.746069629278571 -2.0277829514254075 38.764635925167006
13.974236273651998 -1.7700994924333138 35.01364959157127
15.612538787157192 -4.070393565986626 34.0838653388451
13.6946699254479 -3.6478629900404185 54.07497898648861
13.45686829065558 -2.0866970680237116 52.25279935670449
13.440094076305348 -4.150802057307691 52.19164777628847
15.7307760486038 -0.5361105349047333 55.522069730712964
12.94334811045574 -2.0758630040830086 34.9668279904965
13.367898062670225 -2.945201777111273 50.667021272566515
13.631678021577752 -4.660435065739395 34.65759280481406
13.134314440353805 0.28047721713386364 42.22246231237216
12.720873043242444 -2.697109225473938 35.840023826048345
14.716827284948016 -1.0472550471836215 54.33737591307309
11.902363068091129 1.2261356088239772 43.99626553264954
3.796900436275355 1.8577226490509144 26.954035786842965
13.308166740850332 -3.6695453664833626 33.0140311829572
16.13657685435479 -0.9647575054529888 44.483568277167194
13.1024074829269 -1.8627897945630598 34.87080774609865
11.728984102130227 -3.2008403511149837 51.883804232373926
16.318563381229282 -0.9663671284722241 46.11494230539275
17.74560476574318 -1.7926475370020232 52.23608816093945
17.308014112280418 -2.8267928742962565 47.868368305548294
-2.434245273439981 2.0413587554393158 31.292670920878003
-36.24010786662884 1.845720092365843 67.74952970364635
-13.151593309340248 1.9338203677275587 42.822086909470045
16.01674316155753 -3.609654856724983 34.314369963649774
13.269848623083494 -3.638294463147404 33.185363264940975
11.455435196893259 -4.094557682406848 34.59035722011285
3.9608557181326565 1.5186153831721338 23.444209002025605
14.153281331611602 -4.107987729227974 35.94488485769326
-2.7450447199192585 1.8342099486657975 29.128832129673214
-5.218308739914623 -4.746928151554198 40.211627874778856
-4.4574324295987875 -5.731476288346716 39.28182650650153
-2.596427525345252 1.7701536193545162 26.210866722551078
-31.90211620342843 -1.378232889623536 65.3428838823098
11.880609993491452 -4.366358671632339 35.18848752210348
10.179069381829708 0.9039351157807755 47.09418650155535
16.98809722610003 -1.6709831681916434 42.51264575602331
15.637775534650366 -6.887513015913266 56.38374114208382
16.89379999474389 -5.548065717374925 46.458651773851024
11.578138933103261 -4.385917058937263 50.31224599062937
11.934668106636252 -4.05428203822628 35.32293538496339
-15.943887732735723 1.0078830437983377 55.628556437779665
-15.69295626908303 -4.489352151126369 54.05248903718532
10.571150524608264 -17.764479006751245 88.84858387354687
21.30264997683146 -10.661647514053715 86.3772119280256
-19.867340455023438 -4.235406522358554 60.712669313105465
10.987654027969263 0.15368751374186643 52.064612059307805
16.991763257938697 -0.9046739028223653 54.66596718425582
-0.6558054862798464 0.1784007826400556 20.698257800626592
-4.936245272807691 -3.297133575447285 50.3189708222523
5.838575034402392 1.6477992545084414 44.886991324843606
13.456005063640198 -2.1066890272690664 87.05665131001479
14.877670981230828 -3.2358256263747727 49.97472992975787
9.009367785046663 -10.885581859681052 85.20233664266884
15.515068146561934 -10.629475115390129 86.72054803313422
10.017125913526511 -17.463789791666912 88.66745501948006
9.60025315081899 -9.343979468819255 89.25195570145297
11.70262830330707 -1.497726197647129 83.51577489150068
-5.254153565214513 -2.7046880199039207 38.51057282616077
11.34037640441208 -1.8589611034627143 83.80835100207305
-2.616522361411015 1.67688397130331 30.757917543803792
-2.4411982946130832 -3.5982744066719485 51.22599124282492
-32.30264207985867 1.2792441101134486 67.32287403436497
8.098678395824757 -5.00653017817978 83.64373574353434
9.35284239769137 -7.55254618766513 88.95267047101012
9.309858346021201 -8.164834102787086 92.79711032434393
8.37584102388784 -5.055988405189559 79.09817545625121
9.575697804056883 -16.53312298713855 112.69912366761295
10.023567706784949 -5.316226731410394 89.54099194325582
8.796046513447326 -10.504712296721943 86.93071972865324
8.119566337955462 -14.80411393356586 91.0380749031354
9.724766267906476 -6.48210645410413 89.27107168186218
8.754195233184792 -9.107287149605158 90.49751319122012
-3.2928905449805055 -7.709833978326245 70.40164781465366
-48.46252699344275 -14.804551850190306 99.49002459378076
11.03488208201161 -8.104533254635742 86.26650641435249
15.806199599938926 -1.7241289623948242 39.156712894051736
-44.36583248487509 -17.54617243910455 100.88126771500949
-48.36401953054622 -13.602820660458304 99.42737909501265
9.844844884752199 -16.9831225237956 93.31274178317537
9.03110008525735 -9.686926001142464 85.92576745893355
-48.629543747011326 -14.812263296517921 100.16745175832071
9.766766481127878 -5.16429681449244 95.98169619451669
11.101318874402201 -8.352468472826708 106.00483893925391
11.733017917181636 -15.997594765506284 90.63791279018709
-34.192362809683424 0.08568732684856763 162.0508775341846
10.403502105434313 -14.826535718531058 99.17825069938196
8.014639651311153 -14.176404473439934 82.56730170164059
-11.980456499169554 -3.525717271067161 31.478809684796474
8.939392359014084 -12.777034145245919 88.81207831835059
16.345713270678367 -8.592061595044171 107.10019986980747
-35.5001755134099 2.57120111232453 66.16734473037506
-41.363363988674344 -15.83903218901188 97.8763720962372
-5.658693519071176 -3.124279399805651 40.05043176949609
